0000000000000000000000
0000000000000000000000
0000001111111100000010
0000010000000000000000
0000011000000000010100
0000100000000000000000
0000101000101000100001
0000101000101000100001
0000110000000000010100
0001010101101100000000
0001111101101100000000
0010100101101100010100
0011101100101100000000
0100010000000000010100
0100100000000000000000
0101010000101010000000
0101011101110100000000
0101110101101100000000
0110001101001100000000
0110001101001100000000
0000100000000000000000
0110011001001001000000
0000011000000000010100
0110100001001001000000
0000100000000000000000
0000011000000000010100
0110101100000000000000
0110110101100100000000
0111010101101100000000
0111110101111000000000
0000011000000000010100
0000111000000000000000
0000011000000000010100
0001001000000000010100
0001000000101000100000
0000110000000000010100
0001000000101000100000
0001011110001100000000
0001100001110000000000
0001101010101000000000
0001110010010000000000
0000011000000000010100
0010000110001100000000
0010001001110000000000
0010010011001000000000
0010011010010000000000
0000011000000000010100
0010101110001100000000
0010110001110000000000
0010111011000000000000
0011000010010000000000
0011001000000000000000
0011010000000000010100
0011010000000000010100
0011010000000000010100
0011010000000000010100
0011010000000000010100
0011100000000000010100
0011100000000000010100
0011100000000000010100
0011100000000000010100
0011011000000000101000
0000011000000000010100
0000011000000000010100
0011110000110000000000
0011111000000000000000
0100000000000000000000
0100001000000000000000
0000011000000000010100
0100011000000000101000
0000011000000000010100
0000011000000000010100
0100101100101100000000
0100110000110000000000
0100111000000000000000
0101000000000000000000
0101001000000000000000
0000011000000000010100
0000011000000000010100
0101100001101000000000
0101101000000000000000
0000011000000000010100
0101111001110000000000
0110000000000000000000
0000011000000000010100
0110010001001000000000
0000011000000000010100
0000011000000000010100
0110100001001001000000
0000011000000000010100
0000011000000000010100
0110111110001100000000
0111000010000100000000
0111001001101000000000
0000011000000000010100
0111011110001100000000
0111100001101000000000
0111101010001000000000
0000011000000000010100
0111111001101000000000
1000000000000000000000
0000011000000000010100
